 

 

 

 

1 Ᾱὲζῖῃῖἒῖξιῖ 1 Rogationes Ascensto
15351 21η2ῇ 61naij
1536 212 252

, 1537 6 10

3 1538 1 26 30

ἶ 1539 11 15

1540 „ 6
1541 22 26
1542 14 18
1543 29 apsffl 3
1544 181ῃ2ῃ 22

, 1545 10 14
1546 30 3iunij
1547 15 191ῃ2ῇ
1548 6 10
1549 26 30
1550 11 15
1551 3 7
1552 22 26
1553 7 , 11
1554 29 ἃρᾩχ 3
1555 191ῃ2ῃ 23

Ἰ 1556 10 14
1557 23 27
1558 15 19
1559 30 3911 4
1560 191ῃ2ῃ 23

J 1561 11 15

ἰ 1562 3 7

1 1563 L 16 20

¹ 1564 = 7 11
1 Annum 1535. om. P. .

1565 Ι 28[27.Α] Ι 31 Ι
Ν O

⁵ 1566 9 Ι
{5513} ς k 2

 

xlix

Fen tecos tes

16 11121]

4 111111]
2-0 11121]

9 111111]
25 11121]
16

5 111111]
28 11121]
13

1 111111]
24 11121]
13 111111]
29 11121]
20

9 111111]
25 11121]
17

5 111111]
21 11121]
13

2 111111]

1 24 11121]

6 111111]
29 11121]
14

2 111111]
25 11121]

2¹7

 

 

 

’ domn
§gfff-725 ἶήἱῗι Adue t
aduen
27 11121] 4 28 nou.
15 111111] 2 3 decem.
31 11121] 4 2
20 111111] 1 1
5 3 30 11011.
27 11121] 4 28
16 111111] 1 27
8 3 3 decem.
24nmij 5 23
12 iuniJ' 2 30 nou.
4 3 29
144 0 28
9 2 27
31 11121] 4 2 decem.
20 111111] 1 1
5 3 30 nou.
28 maij 4 29
16 111111] Ι 27
1 4 3 (1000111.
24 11121] 5 2
13 111111] 2 1
4 3 29 11011.
17 1 28
9 2 27
25 maij 5 3 decem.
13 111111] 2 1
5 3 30 nou,
28 maij 4 29
10 111111] 2 28
1 4 3 (10001115
3311). 424εΚ.Ρ.
21 Ι 1 Ι 2
N Α
add P. A. sed t d A
Ξ 1 4 Ι 3} [stc] N ooooo
7

 

